1400563,401993
40601010,40601001
40601011,40601002
40601012,40601003
40601013,40601004
40601014,40601005
40601015,40601006
40602010,40602001
40602011,40602002
40602012,40602003
40602013,40602004
40602014,40602005
40602015,40602006
40603010,40603001
40603011,40603002
40603012,40603003
40603013,40603004
40603014,40603005
40603015,40603006
40604010,40604001
40604011,40604002
40604012,40604003
40604013,40604004
40604014,40604005
40604015,40604006
40605010,40605001
40605011,40605002
40605012,40605003
40605013,40605004
40605014,40605005
40605015,40605006
40606010,40606001
40606011,40606002
40606012,40606003
40606013,40606004
40606014,40606005
40606015,40606006  
